y = [7 6 8 7 5 7];
x = [1 2 5 7 9 3];

X = [0.7 3.3 7.5 6.4 4.4 0.3 -1.1 4.0]';
Y = [4.0 4.7 1.3 -1.1 -3.0 -2.5 1.3 5.6]';